NC_033669.1	63280935	63284816	2	4	1	1	0	24
NC_033669.1	86589719	86590695	2	2	1	2098	0	50
NC_033670.1	59339289	59339368	1	1	1	554	10	50
NC_033670.1	59339475	59343279	1	1	1	441	14	49
NC_033670.1	99403989	99426157	1	1	0	0	1	16
NC_033670.1	99406074	99407055	2	2	1	68	0	48
NC_033670.1	99407226	99425942	2	2	1	86	8	48
NC_033670.1	99427055	99427076	2	2	0	1	0	25
NC_033670.1	99427200	99469335	2	2	1	185	11	50
NC_033670.1	99469441	99470380	2	2	1	151	3	50
NC_033670.1	99470447	99470750	2	2	1	151	3	49
NC_033670.1	99470881	99483952	2	2	1	210	6	49
NC_033670.1	99484029	99485483	2	2	1	189	3	50
NC_033670.1	99485545	99486548	2	2	1	171	3	50
NC_033670.1	99486662	99493113	2	2	1	127	9	48
NC_033670.1	99493198	99496424	2	2	1	127	4	49
NC_033670.1	99496490	99502257	2	2	1	152	3	50
NC_033670.1	99502381	99503858	2	2	1	141	20	50
NC_033670.1	99503910	99506813	2	2	1	118	12	49
NC_033670.1	99506986	99509012	2	2	1	0	40	50
NC_033670.1	99506986	99511392	2	2	1	13	82	50
NC_033670.1	99509325	99511392	2	2	0	2	41	36
NC_033670.1	99511446	99544117	2	2	1	43	44	39
NC_033670.1	99544157	99567720	2	2	1	0	2	1
NC_033670.1	99544157	99569573	2	2	1	45	8	39
NC_033670.1	99569612	99590805	2	2	1	41	9	40
NC_033670.1	99590918	99638585	2	2	1	43	12	49
NC_033671.1	3828362	3831449	1	1	1	0	25	2
NC_033671.1	4297923	4298615	1	1	1	8	0	14
NC_033671.1	97343395	97388445	1	1	1	315	4	50
NC_033671.1	97343395	97394900	1	1	1	0	6	2
NC_033671.1	97371432	97388445	1	1	1	0	4	1
NC_033671.1	97371432	97394900	1	1	1	0	4	1
NC_033671.1	97388599	97394900	1	1	1	482	10	49
NC_033671.1	97394986	97396293	1	1	1	519	7	50
NC_033671.1	97396496	97402084	1	1	1	372	2	49
NC_033671.1	97402194	97405152	1	1	1	313	1	49
NC_033671.1	97405267	97415270	1	1	1	12	0	7
NC_033672.1	17632603	17679392	1	1	0	2	4	17
NC_033675.1	18186451	18199849	1	1	1	0	6	1
NC_033675.1	18186451	18200550	1	1	1	0	17	3
NC_033675.1	18194915	18199849	1	1	1	311	6	49
NC_033675.1	18197718	18199849	1	1	1	1	6	11
NC_033675.1	18200101	18207523	1	3	0	1	0	41
NC_033675.1	18200147	18200550	1	1	1	474	18	50
NC_033675.1	18200645	18201763	1	1	1	456	16	49
NC_033675.1	18201851	18202348	1	1	1	648	4	49
NC_033675.1	18202473	18205744	1	1	1	633	12	49
NC_033675.1	18205880	18205992	1	1	1	624	7	50
NC_033675.1	18206111	18206199	1	1	1	603	2	50
NC_033675.1	18206302	18206494	1	1	1	528	3	50
NC_033675.1	18206592	18206683	1	1	1	479	3	50
NC_033675.1	18206847	18207006	1	1	1	414	0	50
NC_033675.1	18207107	18207385	1	1	1	306	0	50
NC_033676.1	58568927	58569017	2	2	1	62	1	50
NC_033676.1	58569090	58569372	2	2	1	78	1	49
NC_033676.1	58569465	58569545	2	2	1	100	0	50
NC_033676.1	58569616	58569751	2	2	1	81	0	50
NC_033676.1	58570338	58570642	2	2	1	153	0	49
NC_033676.1	58570753	58570952	2	2	1	141	1	44
NC_033676.1	58570997	58571262	2	2	1	0	1	1
NC_033676.1	58570997	58571277	2	2	1	113	1	44
NC_033676.1	58571468	58571539	2	2	1	130	1	50
NC_033676.1	58571662	58572268	2	2	1	91	0	50
NC_033676.1	58572438	58573376	2	2	1	43	0	20
NC_033676.1	59029643	59030007	2	2	1	1	0	33
NC_033677.1	36466866	36472093	1	1	1	382	7	50
NC_033677.1	36472202	36490735	1	1	0	1	0	46
NC_033677.1	36472247	36472859	1	1	1	357	2	50
NC_033677.1	36472950	36487367	1	1	1	505	5	49
NC_033677.1	36487509	36487593	1	1	1	549	1	50
NC_033677.1	36487669	36488134	1	1	1	277	0	49
NC_033677.1	36488200	36489064	1	1	1	373	0	50
NC_033677.1	36489132	36489363	1	1	1	322	1	49
NC_033677.1	36489412	36490278	1	1	1	367	1	48
NC_033677.1	36490357	36497978	1	1	0	0	1	16
NC_033677.1	36490429	36490681	1	1	1	465	1	50
NC_033677.1	36490826	36491192	1	1	1	283	1	50
NC_033677.1	36491259	36492291	1	1	1	363	0	50
NC_033677.1	36492439	36493338	1	1	1	384	0	50
NC_033677.1	36493447	36493739	1	1	1	348	0	50
NC_033677.1	36493850	36494096	1	1	1	345	0	48
NC_033677.1	36494185	36494787	1	1	1	282	1	49
NC_033677.1	36494889	36495097	1	1	1	331	0	49
NC_033677.1	36495206	36495644	1	1	1	357	0	49
NC_033677.1	36495709	36495977	1	1	1	358	0	49
NC_033677.1	36496053	36497059	1	1	1	350	0	50
NC_033677.1	36497144	36497843	1	1	1	288	0	49
NC_033677.1	36497995	36498800	1	1	1	288	1	48
NC_033678.1	81736590	82156533	2	2	0	0	4	15
NC_033678.1	81736590	82657410	2	2	0	0	9	12
NC_033678.1	81736590	82668302	2	2	0	0	9	12
NC_033678.1	81736601	82156536	1	1	0	0	6	12
NC_033661.1	25477854	25982174	2	2	0	0	6	44
NC_033661.1	25477854	26063578	2	2	0	0	6	44
NC_033661.1	25477854	26069376	2	2	0	0	6	44
NC_033661.1	25960205	25982174	2	2	0	0	6	44
NC_033661.1	25960205	26063578	2	2	0	0	6	44
NC_033661.1	25960205	26069376	2	2	0	0	6	44
NC_033661.1	25986823	26063578	2	2	0	0	6	44
NC_033661.1	25986823	26069376	2	2	0	0	6	44
NC_033661.1	30459420	30459513	1	1	1	767	0	26
NC_033661.1	30459607	30461193	1	1	1	1798	0	50
NC_033661.1	30461282	30461577	1	1	1	3015	3	50
NC_033661.1	30461644	30462583	1	1	1	2644	8	50
NC_033661.1	30462734	30462808	1	1	1	2357	7	50
NC_033661.1	30462937	30463832	1	1	1	2893	62	50
NC_033661.1	30463944	30464062	1	1	1	2160	23	50
NC_033661.1	30464153	30464470	1	1	1	1859	48	50
NC_033661.1	30464545	30465033	1	1	1	2313	5	50
NC_033661.1	30465127	30465248	1	1	1	1541	0	50
NC_033661.1	36508843	36513937	2	2	1	4039	81	50
NC_033661.1	36514087	36518192	2	2	1	6362	16	50
NC_033661.1	36518336	36519390	2	2	1	5372	9	50
NC_033661.1	36519506	36522950	2	2	1	5312	15	50
NC_033661.1	36523151	36524150	2	2	1	5073	62	50
NC_033661.1	36524355	36526135	2	2	1	3564	33	50
NC_033661.1	36524355	36530698	2	2	1	0	8	1
NC_033679.1	45388938	45389962	2	2	1	1	0	12
NC_033679.1	45390062	45390618	2	2	1	1	0	4
NC_033679.1	45390832	45391531	2	2	1	1	0	47
NC_033679.1	45393322	45394062	2	2	1	1	0	3
NC_033679.1	45394238	45400759	2	2	1	1	0	39
NC_033679.1	45401763	45404337	2	2	1	1	0	16
NC_033679.1	45404482	45405020	2	2	1	1	0	35
NC_033679.1	45405177	45405943	2	2	1	1	0	10
NC_033679.1	45406100	45406884	2	2	1	2	0	45
NC_033679.1	45407037	45412122	2	2	1	1	0	38
NC_033679.1	45420676	45421794	2	2	1	1	0	5
NC_033679.1	45424093	45427255	2	2	1	1	0	10
NC_033679.1	45431168	45434110	2	2	1	2	0	38
NC_033679.1	45434253	45434789	2	2	1	1	0	39
NC_033686.1	7924790	7925002	1	1	0	1	0	43
NC_033686.1	7925060	7925650	2	2	1	246	5	49
NC_033686.1	7925851	7926064	2	2	1	269	4	49
NC_033686.1	7926193	7926546	2	2	1	182	5	49
NC_033686.1	7926694	7928213	2	2	1	123	1	50
NC_033686.1	7928376	7929682	2	2	1	115	0	50
NC_033686.1	7929862	7931378	2	2	1	0	4	1
NC_033686.1	7929862	7932697	2	2	1	55	4	48
NC_033662.1	18490433	18491135	1	1	1	4	0	22
NC_033662.1	18491277	18491435	1	1	1	4	0	49
NC_033662.1	91288064	91292148	1	1	0	0	1	12
NC_033662.1	91288064	91292230	1	1	0	0	11	25
NC_033662.1	91288064	91292255	1	1	0	0	9	17
NC_033662.1	91288064	91292304	1	1	0	46	22	50
NC_033662.1	91288064	91292329	1	1	0	0	5	45
NC_033662.1	91288064	91292347	1	1	0	0	17	50
NC_033662.1	91288064	91292365	1	1	0	0	16	50
NC_033662.1	91288064	91292383	1	1	0	0	1	36
NC_033662.1	91288082	91292329	1	1	0	0	12	36
NC_033663.1	16164613	16785642	1	1	0	0	10	47
NC_033664.1	54945786	54946648	1	1	1	1	0	21
NC_033664.1	88707282	88709333	2	2	1	1	0	13
NC_033664.1	88709416	88710332	2	2	1	1	0	5
NC_033664.1	88710567	88711074	2	2	1	1	0	41
NC_033664.1	88711116	88713227	2	2	1	1	0	6
NC_033665.1	829007	829356	2	2	1	1	0	33
NC_033665.1	92277837	92278233	2	2	1	370	3	50
NC_033665.1	92278324	92278429	2	2	1	521	20	50
NC_033665.1	92278561	92279081	2	2	0	1	0	19
NC_033665.1	92278586	92279081	2	2	1	541	11	49
NC_033665.1	92279163	92279628	2	2	0	1	0	21
NC_033665.1	92279178	92279628	2	2	1	901	22	50
NC_033665.1	92279753	92280102	2	2	1	772	2	50
NC_033665.1	92280216	92280438	2	2	1	812	10	49
NC_033665.1	92280571	92280682	2	2	1	729	0	50
NC_033665.1	92280767	92280870	2	2	1	727	0	50
NC_033665.1	92280976	92281360	2	2	1	767	1	50
NC_033665.1	92281437	92281857	2	2	1	795	8	50
NC_033665.1	92281934	92282080	2	2	1	0	6	1
NC_033665.1	92281934	92282955	2	2	1	0	6	1
NC_033665.1	92281934	92284751	2	2	1	0	7	2
NC_033665.1	92281934	92312317	2	2	1	753	8	50
NC_033665.1	92312394	92395936	2	2	1	704	0	50
NC_033665.1	92396153	92472256	2	2	1	695	6	50
NC_033665.1	92472621	92608404	2	2	0	12	0	13
NC_033665.1	114614670	114623569	1	1	1	0	8	1
NC_033665.1	114614935	114640436	1	3	0	1	0	17
NC_033665.1	114614965	114623569	1	1	1	199	8	38
NC_033665.1	114623608	114625716	1	1	1	209	9	40
NC_033665.1	114625773	114628205	1	1	1	223	11	49
NC_033665.1	114628265	114629134	1	1	1	361	3	50
NC_033665.1	114629263	114635036	1	1	1	435	2	50
NC_033665.1	114635216	114640300	1	1	1	344	2	50
NC_033665.1	114640456	114642253	1	1	1	472	29	50
NW_017968535.1	99098	100198	1	3	0	2	0	50
ERCC-00009	539	569	1	1	0	1	0	28
ERCC-00096	846	910	2	4	0	4	0	45
ERCC-00096	897	924	2	2	0	1	0	27
